{
  "nbformat": 4,
  "nbformat_minor": 0,
  "metadata": {
    "colab": {
      "provenance": []
    },
    "kernelspec": {
      "name": "ir",
      "display_name": "R"
    },
    "language_info": {
      "name": "R"
    }
  },
  "cells": [
    {
      "cell_type": "code",
      "execution_count": 1,
      "metadata": {
        "colab": {
          "base_uri": "https://localhost:8080/"
        },
        "id": "yKw_OxeDUceA",
        "outputId": "18bae5a0-05d0-4b25-da73-d325e813c5f2"
      },
      "outputs": [
        {
          "output_type": "stream",
          "name": "stderr",
          "text": [
            "Installing package into ‘/usr/local/lib/R/site-library’\n",
            "(as ‘lib’ is unspecified)\n",
            "\n",
            "also installing the dependencies ‘kpeaks’, ‘lhs’, ‘inaparc’\n",
            "\n",
            "\n"
          ]
        }
      ],
      "source": [
        "# bibliotecas\n",
        "install.packages(\"ppclust\")\n",
        "library(ppclust)"
      ]
    },
    {
      "cell_type": "code",
      "source": [
        "# carregando dados\n",
        "data(iris)"
      ],
      "metadata": {
        "id": "vlN0d4vcVX6b"
      },
      "execution_count": 2,
      "outputs": []
    },
    {
      "cell_type": "code",
      "source": [
        "# primeiras linhas\n",
        "head(iris)"
      ],
      "metadata": {
        "colab": {
          "base_uri": "https://localhost:8080/",
          "height": 286
        },
        "id": "HOxrWm2yVamc",
        "outputId": "9aa8909f-4f28-4e65-b7db-980d95d82ee4"
      },
      "execution_count": 3,
      "outputs": [
        {
          "output_type": "display_data",
          "data": {
            "text/html": [
              "<table class=\"dataframe\">\n",
              "<caption>A data.frame: 6 × 5</caption>\n",
              "<thead>\n",
              "\t<tr><th></th><th scope=col>Sepal.Length</th><th scope=col>Sepal.Width</th><th scope=col>Petal.Length</th><th scope=col>Petal.Width</th><th scope=col>Species</th></tr>\n",
              "\t<tr><th></th><th scope=col>&lt;dbl&gt;</th><th scope=col>&lt;dbl&gt;</th><th scope=col>&lt;dbl&gt;</th><th scope=col>&lt;dbl&gt;</th><th scope=col>&lt;fct&gt;</th></tr>\n",
              "</thead>\n",
              "<tbody>\n",
              "\t<tr><th scope=row>1</th><td>5.1</td><td>3.5</td><td>1.4</td><td>0.2</td><td>setosa</td></tr>\n",
              "\t<tr><th scope=row>2</th><td>4.9</td><td>3.0</td><td>1.4</td><td>0.2</td><td>setosa</td></tr>\n",
              "\t<tr><th scope=row>3</th><td>4.7</td><td>3.2</td><td>1.3</td><td>0.2</td><td>setosa</td></tr>\n",
              "\t<tr><th scope=row>4</th><td>4.6</td><td>3.1</td><td>1.5</td><td>0.2</td><td>setosa</td></tr>\n",
              "\t<tr><th scope=row>5</th><td>5.0</td><td>3.6</td><td>1.4</td><td>0.2</td><td>setosa</td></tr>\n",
              "\t<tr><th scope=row>6</th><td>5.4</td><td>3.9</td><td>1.7</td><td>0.4</td><td>setosa</td></tr>\n",
              "</tbody>\n",
              "</table>\n"
            ],
            "text/markdown": "\nA data.frame: 6 × 5\n\n| <!--/--> | Sepal.Length &lt;dbl&gt; | Sepal.Width &lt;dbl&gt; | Petal.Length &lt;dbl&gt; | Petal.Width &lt;dbl&gt; | Species &lt;fct&gt; |\n|---|---|---|---|---|---|\n| 1 | 5.1 | 3.5 | 1.4 | 0.2 | setosa |\n| 2 | 4.9 | 3.0 | 1.4 | 0.2 | setosa |\n| 3 | 4.7 | 3.2 | 1.3 | 0.2 | setosa |\n| 4 | 4.6 | 3.1 | 1.5 | 0.2 | setosa |\n| 5 | 5.0 | 3.6 | 1.4 | 0.2 | setosa |\n| 6 | 5.4 | 3.9 | 1.7 | 0.4 | setosa |\n\n",
            "text/latex": "A data.frame: 6 × 5\n\\begin{tabular}{r|lllll}\n  & Sepal.Length & Sepal.Width & Petal.Length & Petal.Width & Species\\\\\n  & <dbl> & <dbl> & <dbl> & <dbl> & <fct>\\\\\n\\hline\n\t1 & 5.1 & 3.5 & 1.4 & 0.2 & setosa\\\\\n\t2 & 4.9 & 3.0 & 1.4 & 0.2 & setosa\\\\\n\t3 & 4.7 & 3.2 & 1.3 & 0.2 & setosa\\\\\n\t4 & 4.6 & 3.1 & 1.5 & 0.2 & setosa\\\\\n\t5 & 5.0 & 3.6 & 1.4 & 0.2 & setosa\\\\\n\t6 & 5.4 & 3.9 & 1.7 & 0.4 & setosa\\\\\n\\end{tabular}\n",
            "text/plain": [
              "  Sepal.Length Sepal.Width Petal.Length Petal.Width Species\n",
              "1 5.1          3.5         1.4          0.2         setosa \n",
              "2 4.9          3.0         1.4          0.2         setosa \n",
              "3 4.7          3.2         1.3          0.2         setosa \n",
              "4 4.6          3.1         1.5          0.2         setosa \n",
              "5 5.0          3.6         1.4          0.2         setosa \n",
              "6 5.4          3.9         1.7          0.4         setosa "
            ]
          },
          "metadata": {}
        }
      ]
    },
    {
      "cell_type": "code",
      "source": [
        "# algoritmo FCM com k=3\n",
        "fcm <- fcm(iris[,-5], centers=3)"
      ],
      "metadata": {
        "id": "gCHlkzfIVc9V"
      },
      "execution_count": 4,
      "outputs": []
    },
    {
      "cell_type": "code",
      "source": [
        "# resultados\n",
        "print(fcm)"
      ],
      "metadata": {
        "colab": {
          "base_uri": "https://localhost:8080/"
        },
        "id": "0twNHm8-Vltp",
        "outputId": "c99cedb6-f5f9-4fe5-9c30-ed1859266f07"
      },
      "execution_count": 5,
      "outputs": [
        {
          "output_type": "stream",
          "name": "stdout",
          "text": [
            "$u\n",
            "       Cluster 1    Cluster 2   Cluster 3\n",
            "1   0.0023043797 0.0010720343 0.996623586\n",
            "2   0.0166495094 0.0074979471 0.975852543\n",
            "3   0.0137594999 0.0064145785 0.979825922\n",
            "4   0.0224650314 0.0101075228 0.967427446\n",
            "5   0.0037617094 0.0017679352 0.994470355\n",
            "6   0.0448062334 0.0206196544 0.934574112\n",
            "7   0.0140038150 0.0065045178 0.979491667\n",
            "8   0.0003115325 0.0001412048 0.999547263\n",
            "9   0.0477177955 0.0219024180 0.930379787\n",
            "10  0.0119354753 0.0053415614 0.982722963\n",
            "11  0.0217567454 0.0102009404 0.968042314\n",
            "12  0.0054317837 0.0024310579 0.992137158\n",
            "13  0.0201826777 0.0091771718 0.970640151\n",
            "14  0.0517941280 0.0252359838 0.922969888\n",
            "15  0.0726093846 0.0376316556 0.889758960\n",
            "16  0.1043490942 0.0543059146 0.841344991\n",
            "17  0.0355790790 0.0174955672 0.946925354\n",
            "18  0.0022884844 0.0010587888 0.996652727\n",
            "19  0.0655566844 0.0303079325 0.904135383\n",
            "20  0.0141573036 0.0066536393 0.979189057\n",
            "21  0.0218552641 0.0095402581 0.968604478\n",
            "22  0.0103732023 0.0047938580 0.984832940\n",
            "23  0.0275091893 0.0138328404 0.958657970\n",
            "24  0.0144610982 0.0061114429 0.979427459\n",
            "25  0.0232425828 0.0098381257 0.966919292\n",
            "26  0.0184584784 0.0079734119 0.973568110\n",
            "27  0.0035812524 0.0015732466 0.994845501\n",
            "28  0.0045650218 0.0020867312 0.993348247\n",
            "29  0.0043280604 0.0019959744 0.993675965\n",
            "30  0.0142011680 0.0062825258 0.979516306\n",
            "31  0.0147987334 0.0064733979 0.978727869\n",
            "32  0.0176960245 0.0079393901 0.974364585\n",
            "33  0.0411451283 0.0203340541 0.938520818\n",
            "34  0.0634813626 0.0323481722 0.904170465\n",
            "35  0.0103406605 0.0045939611 0.985065378\n",
            "36  0.0102011840 0.0048051874 0.984993629\n",
            "37  0.0242513503 0.0115640394 0.964184610\n",
            "38  0.0061824935 0.0029265624 0.990890944\n",
            "39  0.0410832553 0.0192324562 0.939684289\n",
            "40  0.0011777153 0.0005332393 0.998289045\n",
            "41  0.0035839126 0.0016883315 0.994727756\n",
            "42  0.1022700657 0.0469942942 0.850735640\n",
            "43  0.0321762107 0.0152083532 0.952615436\n",
            "44  0.0143824764 0.0063293707 0.979288153\n",
            "45  0.0381280580 0.0166004939 0.945271448\n",
            "46  0.0192221039 0.0086314256 0.972146471\n",
            "47  0.0158419861 0.0073649037 0.976793110\n",
            "48  0.0176523204 0.0081267194 0.974220960\n",
            "49  0.0155200700 0.0072595251 0.977220405\n",
            "50  0.0020081913 0.0009193050 0.997072504\n",
            "51  0.4542600128 0.5011647760 0.044575211\n",
            "52  0.7640220598 0.2068161472 0.029161793\n",
            "53  0.3687552047 0.5999779440 0.031266851\n",
            "54  0.8702067502 0.0804423903 0.049350860\n",
            "55  0.7587387268 0.2171543234 0.024106950\n",
            "56  0.9737971719 0.0204630428 0.005739785\n",
            "57  0.6729963242 0.2972086553 0.029795021\n",
            "58  0.5825095937 0.1323071921 0.285183214\n",
            "59  0.7210252280 0.2477432814 0.031231491\n",
            "60  0.8305391115 0.0946992632 0.074761625\n",
            "61  0.6365160568 0.1450610487 0.218422895\n",
            "62  0.9620744331 0.0287393263 0.009186241\n",
            "63  0.8432505316 0.1011194867 0.055629982\n",
            "64  0.8996450737 0.0882419795 0.012112947\n",
            "65  0.8161672074 0.0921845965 0.091648196\n",
            "66  0.6898818050 0.2683996761 0.041718519\n",
            "67  0.9331706136 0.0526760880 0.014153298\n",
            "68  0.9257354684 0.0483703771 0.025894154\n",
            "69  0.8354375799 0.1374190383 0.027143382\n",
            "70  0.8776696386 0.0707707463 0.051559615\n",
            "71  0.7216446561 0.2507400167 0.027615327\n",
            "72  0.9342730153 0.0462324229 0.019494562\n",
            "73  0.7054433286 0.2705868375 0.023969834\n",
            "74  0.9027402352 0.0833272688 0.013932496\n",
            "75  0.8759113625 0.1011835107 0.022905127\n",
            "76  0.7547865689 0.2112738187 0.033939612\n",
            "77  0.5236650509 0.4427293801 0.033605569\n",
            "78  0.3063353007 0.6724777410 0.021186958\n",
            "79  0.9688762010 0.0261880071 0.004935792\n",
            "80  0.7670174396 0.1046584749 0.128324085\n",
            "81  0.8323032979 0.0898883941 0.077808308\n",
            "82  0.7954740859 0.1007426774 0.103783237\n",
            "83  0.9187111084 0.0503056709 0.030983221\n",
            "84  0.6563208455 0.3197093741 0.023969780\n",
            "85  0.8911691872 0.0824498231 0.026380990\n",
            "86  0.7971572849 0.1707011265 0.032141589\n",
            "87  0.5554190043 0.4111277790 0.033453217\n",
            "88  0.8576640892 0.1154725586 0.026863352\n",
            "89  0.9289224770 0.0469855355 0.024091987\n",
            "90  0.8994425488 0.0623777655 0.038179686\n",
            "91  0.9311463956 0.0492237626 0.019629842\n",
            "92  0.9156565702 0.0727269044 0.011616525\n",
            "93  0.9356931378 0.0417882759 0.022518586\n",
            "94  0.5983225586 0.1327390376 0.268938404\n",
            "95  0.9588781993 0.0284410355 0.012680765\n",
            "96  0.9455391002 0.0376771606 0.016783739\n",
            "97  0.9674086931 0.0230138420 0.009577465\n",
            "98  0.9438676033 0.0447260607 0.011406336\n",
            "99  0.5201295117 0.1245109185 0.355359570\n",
            "100 0.9605690262 0.0267396046 0.012691369\n",
            "101 0.1207340375 0.8599088665 0.019357096\n",
            "102 0.6155895874 0.3551145741 0.029295839\n",
            "103 0.0381355053 0.9557915825 0.006072912\n",
            "104 0.1419510434 0.8455238034 0.012525153\n",
            "105 0.0376383212 0.9576076582 0.004754021\n",
            "106 0.1526524831 0.8118938120 0.035453705\n",
            "107 0.7599904662 0.1670353033 0.072974231\n",
            "108 0.1151185252 0.8629882056 0.021893269\n",
            "109 0.1173339139 0.8686743422 0.013991744\n",
            "110 0.1145729770 0.8610149827 0.024412040\n",
            "111 0.2098926830 0.7733430928 0.016764224\n",
            "112 0.2231435242 0.7611012305 0.015755245\n",
            "113 0.0100199402 0.9888133984 0.001166661\n",
            "114 0.6599702330 0.3056670641 0.034362703\n",
            "115 0.4609994358 0.5006316739 0.038368890\n",
            "116 0.1360735971 0.8498632571 0.014063146\n",
            "117 0.0796255019 0.9132129427 0.007161555\n",
            "118 0.1857994001 0.7636191257 0.050581474\n",
            "119 0.1932362525 0.7575879303 0.049175817\n",
            "120 0.7107272064 0.2570874896 0.032185304\n",
            "121 0.0256905480 0.9704831781 0.003826274\n",
            "122 0.7069790569 0.2593825973 0.033638346\n",
            "123 0.1748083664 0.7832271314 0.041964502\n",
            "124 0.5957525039 0.3814478972 0.022799599\n",
            "125 0.0217404607 0.9753464366 0.002913103\n",
            "126 0.0751492455 0.9119467897 0.012903965\n",
            "127 0.7077703646 0.2712531837 0.020976452\n",
            "128 0.6468971531 0.3300135869 0.023089260\n",
            "129 0.0830066470 0.9086355157 0.008357837\n",
            "130 0.0947335634 0.8908235463 0.014442890\n",
            "131 0.1074270759 0.8727910324 0.019781892\n",
            "132 0.1889756026 0.7601277386 0.050896659\n",
            "133 0.0848453941 0.9061983726 0.008956233\n",
            "134 0.5402037290 0.4364076300 0.023388641\n",
            "135 0.3927294777 0.5760872989 0.031183223\n",
            "136 0.1317536049 0.8395903521 0.028656043\n",
            "137 0.1286969913 0.8540772196 0.017225789\n",
            "138 0.1100790259 0.8801373938 0.009783580\n",
            "139 0.7498956360 0.2283825035 0.021721860\n",
            "140 0.0289620561 0.9675488009 0.003489143\n",
            "141 0.0376751069 0.9572481918 0.005076701\n",
            "142 0.1294810132 0.8551179504 0.015401036\n",
            "143 0.6155895874 0.3551145741 0.029295839\n",
            "144 0.0337229350 0.9610294118 0.005247653\n",
            "145 0.0631731267 0.9271271417 0.009699732\n",
            "146 0.1063870634 0.8823507059 0.011262231\n",
            "147 0.5075252418 0.4666788272 0.025795931\n",
            "148 0.1564396179 0.8314467112 0.012113671\n",
            "149 0.1890364397 0.7893823003 0.021581260\n",
            "150 0.5817810986 0.3913000196 0.026918882\n",
            "\n",
            "$v\n",
            "          Sepal.Length Sepal.Width Petal.Length Petal.Width\n",
            "Cluster 1     5.888932    2.761069     4.363952   1.3973150\n",
            "Cluster 2     6.775011    3.052382     5.646782   2.0535467\n",
            "Cluster 3     5.003966    3.414089     1.482816   0.2535463\n",
            "\n",
            "$v0\n",
            "          Sepal.Length Sepal.Width Petal.Length Petal.Width\n",
            "Cluster 1          5.4         3.4          1.5         0.4\n",
            "Cluster 2          7.2         3.6          6.1         2.5\n",
            "Cluster 3          5.0         3.6          1.4         0.2\n",
            "\n",
            "$d\n",
            "      Cluster 1   Cluster 2    Cluster 3\n",
            "1   11.38700540 24.47681494  0.026328881\n",
            "2   11.25364771 24.98920171  0.192004124\n",
            "3   12.42758324 26.65760964  0.174518072\n",
            "4   11.41200292 25.36437563  0.265002823\n",
            "5   11.71257800 24.92134074  0.044304302\n",
            "6    9.62749349 20.92041466  0.461570372\n",
            "7   12.05868863 25.96159329  0.172403350\n",
            "8   10.83421542 23.90293729  0.003376739\n",
            "9   12.45479394 27.13468938  0.638787857\n",
            "10  10.97810652 24.53007823  0.133332510\n",
            "11  10.75642791 22.94149895  0.241750655\n",
            "12  10.66699803 23.83358542  0.058400017\n",
            "13  11.71089719 25.75491328  0.243506580\n",
            "14  14.91820054 30.61799357  0.837161860\n",
            "15  12.98701139 25.05812967  1.059813891\n",
            "16  11.91864537 22.90173837  1.478228149\n",
            "17  11.91865481 24.23784009  0.447822798\n",
            "18  11.15754239 24.11610561  0.025619618\n",
            "19   9.41581096 20.36659371  0.682717830\n",
            "20  11.10811045 23.63531989  0.160603196\n",
            "21   9.17748887 21.02421560  0.207077757\n",
            "22  10.70086131 23.15508702  0.112711704\n",
            "23  15.11488520 30.05877514  0.433729496\n",
            "24   8.81467314 20.85757079  0.130147315\n",
            "25   9.09862705 21.49551635  0.218710697\n",
            "26   9.92028058 22.96548675  0.188084719\n",
            "27   9.83249907 22.38216227  0.035395105\n",
            "28  10.65642860 23.31245634  0.048972583\n",
            "29  11.10143280 24.07228915  0.048353461\n",
            "30  10.67921225 24.13954057  0.154828752\n",
            "31  10.37363965 23.71501478  0.156853332\n",
            "32   9.84414351 21.94150965  0.178785443\n",
            "33  12.15260837 24.59030695  0.532775216\n",
            "34  12.44036241 24.41347079  0.873431711\n",
            "35  10.72864351 24.14936889  0.112623246\n",
            "36  12.42701415 26.38195926  0.128701602\n",
            "37  11.51864984 24.15616232  0.289719219\n",
            "38  12.14982748 25.66705231  0.075806757\n",
            "39  13.09537040 27.97356929  0.572533192\n",
            "40  10.66642895 23.55793504  0.012583547\n",
            "41  11.92811919 25.32046421  0.042975917\n",
            "42  12.73361803 27.71119289  1.530755138\n",
            "43  13.23094265 27.99261638  0.446897648\n",
            "44   9.61135918 21.84026715  0.141158807\n",
            "45   8.76748613 20.13718514  0.353641507\n",
            "46  11.23197117 25.01349462  0.222088053\n",
            "47  10.77478313 23.17667287  0.174749353\n",
            "48  12.07257938 26.22325553  0.218748157\n",
            "49  10.86421438 23.22650119  0.172543847\n",
            "50  11.29921962 24.68277010  0.022757617\n",
            "51   1.54006711  1.39592992 15.694617869\n",
            "52   0.48290359  1.78394677 12.651793972\n",
            "53   1.43502379  0.88198657 16.924393357\n",
            "54   0.50578435  5.47145550  8.918526706\n",
            "55   0.44118228  1.54149398 13.885708760\n",
            "56   0.06519040  3.10228696 11.060035931\n",
            "57   0.61343253  1.38905052 13.855933916\n",
            "58   2.39821064 10.55861501  4.898537623\n",
            "59   0.59010795  1.71743395 13.623516323\n",
            "60   0.69361560  6.08320345  7.705489039\n",
            "61   2.27369900  9.97680587  6.625889305\n",
            "62   0.09463468  3.16797997  9.911084795\n",
            "63   0.61745489  5.14904873  9.359506308\n",
            "64   0.17678698  1.80237948 13.130209914\n",
            "65   0.69587596  6.16101996  6.197079310\n",
            "66   0.77401139  1.98948218 12.799504537\n",
            "67   0.16962311  3.00491764 11.183775052\n",
            "68   0.23916814  4.57731459  8.550440727\n",
            "69   0.44061526  2.67871580 13.561558074\n",
            "70   0.45528648  5.64627537  7.750079604\n",
            "71   0.54507594  1.56876093 14.243942822\n",
            "72   0.18799616  3.79905976  9.009678695\n",
            "73   0.53502586  1.39485877 15.746059140\n",
            "74   0.19792687  2.14427460 12.824446213\n",
            "75   0.29405188  2.54550751 11.244792027\n",
            "76   0.56401173  2.01496088 12.543115501\n",
            "77   1.02170522  1.20848387 15.920912234\n",
            "78   1.21109426  0.55169250 17.510815879\n",
            "79   0.06069110  2.24538511 11.913420055\n",
            "80   0.96591046  7.07893143  5.773430330\n",
            "81   0.68807715  6.37111043  7.360253674\n",
            "82   0.88033049  6.95117611  6.747526044\n",
            "83   0.26582278  4.85460864  7.882148413\n",
            "84   0.59891386  1.22949055 16.398967696\n",
            "85   0.32519606  3.51492212 10.985361436\n",
            "86   0.48015873  2.24229351 11.908621933\n",
            "87   0.89617739  1.21070378 14.879105954\n",
            "88   0.39233126  2.91401212 12.525928743\n",
            "89   0.21971044  4.34376172  8.471446005\n",
            "90   0.36135661  5.21050260  8.512891163\n",
            "91   0.21744443  4.11331005 10.314530228\n",
            "92   0.15736343  1.98125939 12.403955249\n",
            "93   0.20524633  4.59572874  8.528403078\n",
            "94   2.29263804 10.33408922  5.100562203\n",
            "95   0.12356173  4.16583473  9.343336214\n",
            "96   0.15859665  3.98011245  8.934798970\n",
            "97   0.09134752  3.83987958  9.226907478\n",
            "98   0.12962483  2.73551200 10.726378411\n",
            "99   2.63933180 11.02549380  3.863113523\n",
            "100  0.11635172  4.17971239  8.806288357\n",
            "101  4.35199118  0.61103390 27.144230159\n",
            "102  0.80609778  1.39736704 16.938426290\n",
            "103  4.37698339  0.17463899 27.485738098\n",
            "104  1.87824904  0.31533046 21.286718517\n",
            "105  3.13702954  0.12329948 24.836351094\n",
            "106  8.47851872  1.59413327 36.505830392\n",
            "107  1.15627177  5.26089696 12.041997729\n",
            "108  5.92085202  0.78981352 31.132844850\n",
            "109  2.95037799  0.39851459 24.741690622\n",
            "110  6.65248099  0.88522798 31.222075008\n",
            "111  1.47106011  0.39925973 18.418075823\n",
            "112  1.39379829  0.40864086 19.740540924\n",
            "113  2.67150412  0.02707115 22.944370101\n",
            "114  0.87163932  1.88196922 16.740708869\n",
            "115  1.55656887  1.43334393 18.702062201\n",
            "116  2.14487690  0.34342127 20.753615012\n",
            "117  1.88325256  0.16420587 20.938877467\n",
            "118 10.46076794  2.54525370 38.425222656\n",
            "119 10.55229074  2.69154911 41.465200440\n",
            "120  0.74223656  2.05193851 16.390328925\n",
            "121  3.81478322  0.10098462 25.613396625\n",
            "122  0.73557451  2.00489846 15.459611852\n",
            "123  9.10183268  2.03143691 37.914818900\n",
            "124  0.62220909  0.97177786 16.258295806\n",
            "125  3.22706831  0.07193132 24.083583764\n",
            "126  4.75036786  0.39145547 27.664874046\n",
            "127  0.45057202  1.17566001 15.202834333\n",
            "128  0.55114042  1.08035299 15.441428875\n",
            "129  2.28428742  0.20867668 22.686615306\n",
            "130  3.87930228  0.41253976 25.445054330\n",
            "131  5.55139707  0.68329111 30.147286379\n",
            "132  9.63249199  2.39473695 35.764744118\n",
            "133  2.43482441  0.22796734 23.065906043\n",
            "134  0.72280358  0.89471669 16.694479612\n",
            "135  1.59831564  1.08960164 20.129595270\n",
            "136  7.16575788  1.12449414 32.946434205\n",
            "137  3.11040163  0.46869220 23.238374077\n",
            "138  1.82882516  0.22873167 20.576852888\n",
            "139  0.42171722  1.38471159 14.558785174\n",
            "140  2.70429410  0.08094880 22.447322243\n",
            "141  3.30589736  0.13011258 24.533654624\n",
            "142  2.49373907  0.37759921 20.965593036\n",
            "143  0.80609778  1.39736704 16.938426290\n",
            "144  4.19698904  0.14727415 26.971063604\n",
            "145  3.94921628  0.26909399 25.720746710\n",
            "146  2.22873556  0.26872380 21.053434085\n",
            "147  0.89438350  0.97266508 17.596658980\n",
            "148  1.49269753  0.28085628 19.277148260\n",
            "149  2.39323177  0.57311649 20.963002746\n",
            "150  0.76113270  1.13164477 16.449889046\n",
            "\n",
            "$x\n",
            "    Sepal.Length Sepal.Width Petal.Length Petal.Width\n",
            "1            5.1         3.5          1.4         0.2\n",
            "2            4.9         3.0          1.4         0.2\n",
            "3            4.7         3.2          1.3         0.2\n",
            "4            4.6         3.1          1.5         0.2\n",
            "5            5.0         3.6          1.4         0.2\n",
            "6            5.4         3.9          1.7         0.4\n",
            "7            4.6         3.4          1.4         0.3\n",
            "8            5.0         3.4          1.5         0.2\n",
            "9            4.4         2.9          1.4         0.2\n",
            "10           4.9         3.1          1.5         0.1\n",
            "11           5.4         3.7          1.5         0.2\n",
            "12           4.8         3.4          1.6         0.2\n",
            "13           4.8         3.0          1.4         0.1\n",
            "14           4.3         3.0          1.1         0.1\n",
            "15           5.8         4.0          1.2         0.2\n",
            "16           5.7         4.4          1.5         0.4\n",
            "17           5.4         3.9          1.3         0.4\n",
            "18           5.1         3.5          1.4         0.3\n",
            "19           5.7         3.8          1.7         0.3\n",
            "20           5.1         3.8          1.5         0.3\n",
            "21           5.4         3.4          1.7         0.2\n",
            "22           5.1         3.7          1.5         0.4\n",
            "23           4.6         3.6          1.0         0.2\n",
            "24           5.1         3.3          1.7         0.5\n",
            "25           4.8         3.4          1.9         0.2\n",
            "26           5.0         3.0          1.6         0.2\n",
            "27           5.0         3.4          1.6         0.4\n",
            "28           5.2         3.5          1.5         0.2\n",
            "29           5.2         3.4          1.4         0.2\n",
            "30           4.7         3.2          1.6         0.2\n",
            "31           4.8         3.1          1.6         0.2\n",
            "32           5.4         3.4          1.5         0.4\n",
            "33           5.2         4.1          1.5         0.1\n",
            "34           5.5         4.2          1.4         0.2\n",
            "35           4.9         3.1          1.5         0.2\n",
            "36           5.0         3.2          1.2         0.2\n",
            "37           5.5         3.5          1.3         0.2\n",
            "38           4.9         3.6          1.4         0.1\n",
            "39           4.4         3.0          1.3         0.2\n",
            "40           5.1         3.4          1.5         0.2\n",
            "41           5.0         3.5          1.3         0.3\n",
            "42           4.5         2.3          1.3         0.3\n",
            "43           4.4         3.2          1.3         0.2\n",
            "44           5.0         3.5          1.6         0.6\n",
            "45           5.1         3.8          1.9         0.4\n",
            "46           4.8         3.0          1.4         0.3\n",
            "47           5.1         3.8          1.6         0.2\n",
            "48           4.6         3.2          1.4         0.2\n",
            "49           5.3         3.7          1.5         0.2\n",
            "50           5.0         3.3          1.4         0.2\n",
            "51           7.0         3.2          4.7         1.4\n",
            "52           6.4         3.2          4.5         1.5\n",
            "53           6.9         3.1          4.9         1.5\n",
            "54           5.5         2.3          4.0         1.3\n",
            "55           6.5         2.8          4.6         1.5\n",
            "56           5.7         2.8          4.5         1.3\n",
            "57           6.3         3.3          4.7         1.6\n",
            "58           4.9         2.4          3.3         1.0\n",
            "59           6.6         2.9          4.6         1.3\n",
            "60           5.2         2.7          3.9         1.4\n",
            "61           5.0         2.0          3.5         1.0\n",
            "62           5.9         3.0          4.2         1.5\n",
            "63           6.0         2.2          4.0         1.0\n",
            "64           6.1         2.9          4.7         1.4\n",
            "65           5.6         2.9          3.6         1.3\n",
            "66           6.7         3.1          4.4         1.4\n",
            "67           5.6         3.0          4.5         1.5\n",
            "68           5.8         2.7          4.1         1.0\n",
            "69           6.2         2.2          4.5         1.5\n",
            "70           5.6         2.5          3.9         1.1\n",
            "71           5.9         3.2          4.8         1.8\n",
            "72           6.1         2.8          4.0         1.3\n",
            "73           6.3         2.5          4.9         1.5\n",
            "74           6.1         2.8          4.7         1.2\n",
            "75           6.4         2.9          4.3         1.3\n",
            "76           6.6         3.0          4.4         1.4\n",
            "77           6.8         2.8          4.8         1.4\n",
            "78           6.7         3.0          5.0         1.7\n",
            "79           6.0         2.9          4.5         1.5\n",
            "80           5.7         2.6          3.5         1.0\n",
            "81           5.5         2.4          3.8         1.1\n",
            "82           5.5         2.4          3.7         1.0\n",
            "83           5.8         2.7          3.9         1.2\n",
            "84           6.0         2.7          5.1         1.6\n",
            "85           5.4         3.0          4.5         1.5\n",
            "86           6.0         3.4          4.5         1.6\n",
            "87           6.7         3.1          4.7         1.5\n",
            "88           6.3         2.3          4.4         1.3\n",
            "89           5.6         3.0          4.1         1.3\n",
            "90           5.5         2.5          4.0         1.3\n",
            "91           5.5         2.6          4.4         1.2\n",
            "92           6.1         3.0          4.6         1.4\n",
            "93           5.8         2.6          4.0         1.2\n",
            "94           5.0         2.3          3.3         1.0\n",
            "95           5.6         2.7          4.2         1.3\n",
            "96           5.7         3.0          4.2         1.2\n",
            "97           5.7         2.9          4.2         1.3\n",
            "98           6.2         2.9          4.3         1.3\n",
            "99           5.1         2.5          3.0         1.1\n",
            "100          5.7         2.8          4.1         1.3\n",
            "101          6.3         3.3          6.0         2.5\n",
            "102          5.8         2.7          5.1         1.9\n",
            "103          7.1         3.0          5.9         2.1\n",
            "104          6.3         2.9          5.6         1.8\n",
            "105          6.5         3.0          5.8         2.2\n",
            "106          7.6         3.0          6.6         2.1\n",
            "107          4.9         2.5          4.5         1.7\n",
            "108          7.3         2.9          6.3         1.8\n",
            "109          6.7         2.5          5.8         1.8\n",
            "110          7.2         3.6          6.1         2.5\n",
            "111          6.5         3.2          5.1         2.0\n",
            "112          6.4         2.7          5.3         1.9\n",
            "113          6.8         3.0          5.5         2.1\n",
            "114          5.7         2.5          5.0         2.0\n",
            "115          5.8         2.8          5.1         2.4\n",
            "116          6.4         3.2          5.3         2.3\n",
            "117          6.5         3.0          5.5         1.8\n",
            "118          7.7         3.8          6.7         2.2\n",
            "119          7.7         2.6          6.9         2.3\n",
            "120          6.0         2.2          5.0         1.5\n",
            "121          6.9         3.2          5.7         2.3\n",
            "122          5.6         2.8          4.9         2.0\n",
            "123          7.7         2.8          6.7         2.0\n",
            "124          6.3         2.7          4.9         1.8\n",
            "125          6.7         3.3          5.7         2.1\n",
            "126          7.2         3.2          6.0         1.8\n",
            "127          6.2         2.8          4.8         1.8\n",
            "128          6.1         3.0          4.9         1.8\n",
            "129          6.4         2.8          5.6         2.1\n",
            "130          7.2         3.0          5.8         1.6\n",
            "131          7.4         2.8          6.1         1.9\n",
            "132          7.9         3.8          6.4         2.0\n",
            "133          6.4         2.8          5.6         2.2\n",
            "134          6.3         2.8          5.1         1.5\n",
            "135          6.1         2.6          5.6         1.4\n",
            "136          7.7         3.0          6.1         2.3\n",
            "137          6.3         3.4          5.6         2.4\n",
            "138          6.4         3.1          5.5         1.8\n",
            "139          6.0         3.0          4.8         1.8\n",
            "140          6.9         3.1          5.4         2.1\n",
            "141          6.7         3.1          5.6         2.4\n",
            "142          6.9         3.1          5.1         2.3\n",
            "143          5.8         2.7          5.1         1.9\n",
            "144          6.8         3.2          5.9         2.3\n",
            "145          6.7         3.3          5.7         2.5\n",
            "146          6.7         3.0          5.2         2.3\n",
            "147          6.3         2.5          5.0         1.9\n",
            "148          6.5         3.0          5.2         2.0\n",
            "149          6.2         3.4          5.4         2.3\n",
            "150          5.9         3.0          5.1         1.8\n",
            "\n",
            "$cluster\n",
            "  1   2   3   4   5   6   7   8   9  10  11  12  13  14  15  16  17  18  19  20 \n",
            "  3   3   3   3   3   3   3   3   3   3   3   3   3   3   3   3   3   3   3   3 \n",
            " 21  22  23  24  25  26  27  28  29  30  31  32  33  34  35  36  37  38  39  40 \n",
            "  3   3   3   3   3   3   3   3   3   3   3   3   3   3   3   3   3   3   3   3 \n",
            " 41  42  43  44  45  46  47  48  49  50  51  52  53  54  55  56  57  58  59  60 \n",
            "  3   3   3   3   3   3   3   3   3   3   2   1   2   1   1   1   1   1   1   1 \n",
            " 61  62  63  64  65  66  67  68  69  70  71  72  73  74  75  76  77  78  79  80 \n",
            "  1   1   1   1   1   1   1   1   1   1   1   1   1   1   1   1   1   2   1   1 \n",
            " 81  82  83  84  85  86  87  88  89  90  91  92  93  94  95  96  97  98  99 100 \n",
            "  1   1   1   1   1   1   1   1   1   1   1   1   1   1   1   1   1   1   1   1 \n",
            "101 102 103 104 105 106 107 108 109 110 111 112 113 114 115 116 117 118 119 120 \n",
            "  2   1   2   2   2   2   1   2   2   2   2   2   2   1   2   2   2   2   2   1 \n",
            "121 122 123 124 125 126 127 128 129 130 131 132 133 134 135 136 137 138 139 140 \n",
            "  2   1   2   1   2   2   1   1   2   2   2   2   2   1   2   2   2   2   1   2 \n",
            "141 142 143 144 145 146 147 148 149 150 \n",
            "  2   2   1   2   2   2   1   2   2   1 \n",
            "\n",
            "$csize\n",
            " 1  2  3 \n",
            "60 40 50 \n",
            "\n",
            "$sumsqrs\n",
            "$sumsqrs$between.ss\n",
            "[1] 581.463\n",
            "\n",
            "$sumsqrs$within.ss\n",
            "       1        2        3 \n",
            "36.81767 27.05750 15.15100 \n",
            "\n",
            "$sumsqrs$tot.within.ss\n",
            "[1] 79.02617\n",
            "\n",
            "$sumsqrs$tot.ss\n",
            "[1] 660.4892\n",
            "\n",
            "\n",
            "$k\n",
            "[1] 3\n",
            "\n",
            "$m\n",
            "[1] 2\n",
            "\n",
            "$iter\n",
            "[1] 52\n",
            "\n",
            "$best.start\n",
            "[1] 1\n",
            "\n",
            "$func.val\n",
            "[1] 60.50571\n",
            "\n",
            "$comp.time\n",
            "[1] 0.515\n",
            "\n",
            "$inpargs\n",
            "$inpargs$iter.max\n",
            "[1] 1000\n",
            "\n",
            "$inpargs$con.val\n",
            "[1] 1e-09\n",
            "\n",
            "$inpargs$dmetric\n",
            "[1] \"sqeuclidean\"\n",
            "\n",
            "$inpargs$alginitv\n",
            "[1] \"kmpp\"\n",
            "\n",
            "$inpargs$alginitu\n",
            "[1] \"imembrand\"\n",
            "\n",
            "$inpargs$fixcent\n",
            "[1] FALSE\n",
            "\n",
            "$inpargs$fixmemb\n",
            "[1] FALSE\n",
            "\n",
            "$inpargs$stand\n",
            "[1] FALSE\n",
            "\n",
            "\n",
            "$algorithm\n",
            "[1] \"FCM\"\n",
            "\n",
            "$call\n",
            "fcm(x = iris[, -5], centers = 3)\n",
            "\n",
            "attr(,\"class\")\n",
            "[1] \"ppclust\"\n"
          ]
        }
      ]
    },
    {
      "cell_type": "code",
      "source": [
        "# plot\n",
        "plotcluster(fcm)"
      ],
      "metadata": {
        "colab": {
          "base_uri": "https://localhost:8080/",
          "height": 437
        },
        "id": "dA3KuQ8rVn_A",
        "outputId": "ac21e82d-c2dd-40f9-d604-cc804c40cc1b"
      },
      "execution_count": 8,
      "outputs": [
        {
          "output_type": "display_data",
          "data": {
            "text/plain": [
              "plot without title"
            ],
